0.000000 0.000000 0.000000 -59275.587686
0.000000 0.000000 0.500000 -59275.587686
0.000000 0.000000 1.000000 -59275.587686
0.500000 0.000000 0.000000 -59275.587686
0.500000 0.000000 0.500000 -59275.587686
0.500000 0.000000 1.000000 -59275.587686
1.000000 0.000000 0.000000 -59275.587686
1.000000 0.000000 0.500000 -59275.587686
1.000000 0.000000 1.000000 -59275.587686
0.000000 0.500000 0.000000 -59275.587686
0.000000 0.500000 0.500000 -59275.587686
0.000000 0.500000 1.000000 -59275.587686
0.500000 0.500000 0.000000 -59275.587686
0.500000 0.500000 0.500000 -59275.587686
0.500000 0.500000 1.000000 -59275.587686
1.000000 0.500000 0.000000 -59275.587686
1.000000 0.500000 0.500000 -59275.587686
1.000000 0.500000 1.000000 -59275.587686
0.000000 1.000000 0.000000 -59275.587686
0.000000 1.000000 0.500000 -59275.587686
0.000000 1.000000 1.000000 -59275.587686
0.500000 1.000000 0.000000 -59275.587686
0.500000 1.000000 0.500000 -59275.587686
0.500000 1.000000 1.000000 -59275.587686
1.000000 1.000000 0.000000 -59275.587686
1.000000 1.000000 0.500000 -59275.587686
1.000000 1.000000 1.000000 -59275.587686
